,datetime,temp,precip,humidity,nov_forecast
0,2023-11-07,26.0,9.1,82.3,15.588999999999999
1,2023-11-08,25.3,4.3,85.8,16.458999999999996
2,2023-11-09,25.2,3.8,88.0,17.050000000000004
3,2023-11-10,25.5,6.0,85.4,16.36200000000001
4,2023-11-11,25.1,9.2,87.0,16.450000000000003
5,2023-11-12,25.8,2.8,84.1,16.308
6,2023-11-13,25.3,4.4,86.1,16.538000000000004
7,2023-11-14,26.2,0.9,79.5,15.314999999999998
8,2023-11-15,26.3,0.2,79.0,15.260000000000005
9,2023-11-16,25.7,2.1,82.1,15.733000000000004
10,2023-11-17,25.6,2.3,82.8,15.869
11,2023-11-18,25.3,3.9,84.8,16.198999999999998
12,2023-11-19,25.7,0.4,81.6,15.677999999999997
13,2023-11-20,25.3,0.2,82.4,15.712000000000003
14,2023-11-21,26.1,4.0,81.0,15.530000000000001
